8
8.5
9
9.85  
9.88 
9.91    
9.94    
9.97 
10.     
10.03
10.06
10.09
10.12
10.15  
10.047 
10.078
10.108
10.139
10.169
10.2
10.231
10.261
10.292
10.322
10.353 
10.441 
10.473
10.505
10.536
10.568
10.6
10.632
10.664
10.695
10.727
10.759 
11.032 
11.066
11.099
11.133
11.166
11.2
11.234
11.267
11.301
11.334
11.368 
11.82  
11.856 
11.892
11.928
11.964
12.
12.036
12.072
12.108
12.144
12.18  
12.805 
12.844 
12.883
12.922
12.961
13.
13.039
13.078
13.117
13.156
13.195 
13.79  
13.832 
13.874
13.916
13.958
14.
14.042
14.084
14.126
14.168
14.21  
14.775 
14.82  
14.865
14.91
14.955
15.
15.045
15.09
15.135
15.18
15.225 
15.76  
15.808 
15.856
15.904
15.952
16.
16.048
16.096
16.144
16.192
16.24  
16.745 
16.796 
16.847
16.898
16.949
17.
17.051
17.102
17.153
17.204
17.255 
17.73  
17.784 
17.838
17.892
17.946
18.
18.054
18.108
18.162
18.216
18.27  
18.715 
18.772 
18.829
18.886
18.943
19.
19.057
19.114
19.171
19.228
19.285
20
21
22
23
24
25


